-	89	0.132836
|	89	0.132836
）	69	0.102985
（	63	0.094030
日	61	0.091045
の	54	0.080597
、	46	0.068657
年	32	0.047761
:	28	0.041791
は	28	0.041791
TRUE	27	0.040299
。	27	0.040299
/	25	0.037313
DREAMS	24	0.035821
COME	24	0.035821
に	24	0.035821
.	24	0.035821
SONG	22	0.032836
WINTER	21	0.031343
月	21	0.031343
・	20	0.029851
さ	20	0.029851
て	20	0.029851
1	19	0.028358
吉田	19	0.028358
美和	19	0.028358
シングル	18	0.026866
2	18	0.026866
収録	17	0.025373
た	17	0.025373
が	17	0.025373
LOVE	16	0.023881
中村	15	0.022388
正人	15	0.022388
「	15	0.022388
」	15	0.022388
'	15	0.022388
で	14	0.020896
れ	14	0.020896
)	13	0.019403
し	13	0.019403
,	12	0.017910
1994	12	0.017910
作詞	12	0.017910
作曲	12	0.017910
1998	12	0.017910
曲	12	0.017910
と	12	0.017910
を	11	0.016418
[	11	0.016418
]	11	0.016418
3	11	0.016418
アルバム	10	0.014925
7	9	0.013433
MIKE	9	0.013433
PELA	9	0.013433
発売	9	0.013433
作品	9	0.013433
?	9	0.013433
(#	8	0.011940
SWEET	8	0.011940
盤	8	0.011940
編集	8	0.011940
雪	8	0.011940
B	7	0.010448
12	7	0.010448
クリスマス	7	0.010448
!	7	0.010448
『	6	0.008955
YOU	6	0.008955
作	6	0.008955
11	6	0.008955
概要	6	0.008955
4	6	0.008955
いる	6	0.008955
ない	6	0.008955
Mr	6	0.008955
Children	6	0.008955
』	5	0.007463
ソング	5	0.007463
14	5	0.007463
として	5	0.007463
編曲	5	0.007463
t	5	0.007463
z	5	0.007463
IT	5	0.007463
S	5	0.007463
…	5	0.007463
(	5	0.007463
リリース	4	0.005970
10	4	0.005970
エピックレコードジャパン	4	0.005970
最高	4	0.005970
順位	4	0.005970
位	4	0.005970
オリコン	4	0.005970
WHEREVER	4	0.005970
ARE	4	0.005970
26	4	0.005970
な	4	0.005970
ミリオン	4	0.005970
”	4	0.005970
版	4	0.005970
映画	4	0.005970
5	4	0.005970
24	4	0.005970
ロマンス	4	0.005970
神様	4	0.005970
広瀬	4	0.005970
香美	4	0.005970
ONLY	4	0.005970
福山	4	0.005970
雅治	4	0.005970
よ	4	0.005970
2003	4	0.005970
GOES	4	0.005970
THE	4	0.005970
"	4	0.005970
移動	3	0.004478
オリジナル	3	0.004478
ジャンル	3	0.004478
J	3	0.004478
POP	3	0.004478
時間	3	0.004478
分	3	0.004478
レーベル	3	0.004478
チャート	3	0.004478
週間	3	0.004478
年表	3	0.004478
!/	3	0.004478
表示	3	0.004478
映像	3	0.004478
のみ	3	0.004478
なかっ	3	0.004478
(“	3	0.004478
WORLDWIDE	3	0.004478
VERSION	3	0.004478
8	3	0.004478
めぐり	3	0.004478
たら	3	0.004478
The	3	0.004478
この	3	0.004478
も	3	0.004478
21	3	0.004478
Don	3	0.004478
Leave	3	0.004478
Me	3	0.004478
28	3	0.004478
ね	3	0.004478
25	3	0.004478
6	3	0.004478
松任谷	3	0.004478
由実	3	0.004478
19	3	0.004478
Tomorrow	3	0.004478
never	3	0.004478
knows	3	0.004478
ON	3	0.004478
サンタ	3	0.004478
天使	3	0.004478
笑う	3	0.004478
夜	3	0.004478
また	3	0.004478
来る	3	0.004478
ビデオ	3	0.004478
DVD	3	0.004478
Ring	3	0.004478
未	2	0.002985
,#	2	0.002985
面	2	0.002985
DREAM	2	0.002985
規格	2	0.002985
cmCD	2	0.002985
秒	2	0.002985
プロデュース	2	0.002985
go	2	0.002985
for	2	0.002985
it	2	0.002985
雨	2	0.002985
終わる	2	0.002985
場所	2	0.002985
1993	2	0.002985
目	2	0.002985
再発	2	0.002985
23	2	0.002985
初めて	2	0.002985
マキシ	2	0.002985
い	2	0.002985
ベスト	2	0.002985
など	2	0.002985
あと	2	0.002985
僅か	2	0.002985
届か	2	0.002985
ドリカム	2	0.002985
ある	2	0.002985
2009	2	0.002985
th	2	0.002985
英語	2	0.002985
逢え	2	0.002985
日本	2	0.002985
テーマ	2	0.002985
晴れ	2	0.002985
Swinging	2	0.002985
Star	2	0.002985
表	2	0.002985
話	2	0.002985
編	2	0.002985
歴	2	0.002985
17	2	0.002985
31	2	0.002985
MY	2	0.002985
ZARD	2	0.002985
たく	2	0.002985
Hey	2	0.002985
SMAP	2	0.002985
18	2	0.002985
9	2	0.002985
no	2	0.002985
13	2	0.002985
innocent	2	0.002985
world	2	0.002985
世界	2	0.002985
終る	2	0.002985
まで	2	0.002985
WANDS	2	0.002985
Rusty	2	0.002985
Nail	2	0.002985
X	2	0.002985
JAPAN	2	0.002985
Hello	2	0.002985
my	2	0.002985
friend	2	0.002985
15	2	0.002985
On	2	0.002985
CHAGE	2	0.002985
&	2	0.002985
ASKA	2	0.002985
う	2	0.002985
恋し	2	0.002985
せつな	2	0.002985
心強	2	0.002985
篠原	2	0.002985
涼子	2	0.002985
with	2	0.002985
komuro	2	0.002985
人	2	0.002985
内田	2	0.002985
-（	2	0.002985
すき	2	0.002985
きづい	2	0.002985
1990	2	0.002985
1992	2	0.002985
1995	2	0.002985
1999	2	0.002985
2000	2	0.002985
あ	2	0.002985
朝	2	0.002985
達成	2	0.002985
しか	2	0.002985
その	2	0.002985
史上	2	0.002985
最強	2	0.002985
遊園	2	0.002985
地	2	0.002985
ドリカムワンダーランド	2	0.002985
今	2	0.002985
化	2	0.002985
うれし	2	0.002985
てる	2	0.002985
へ	2	0.002985
だ	2	0.002985
ん	2	0.002985
だけ	2	0.002985
未来	2	0.002985
連れ	2	0.002985
GREATEST	2	0.002985
HITS	2	0.002985
SOUL	2	0.002985
COLLECTION	2	0.002985
関連	2	0.002985
する	2	0.002985
楽曲	2	0.002985
出典	1	0.001493
フリー	1	0.001493
百科	1	0.001493
事典	1	0.001493
ウィキペディア	1	0.001493
Wikipedia	1	0.001493
ナビゲーション	1	0.001493
検索	1	0.001493
ウインター	1	0.001493
変更	1	0.001493
cm	1	0.001493
枚	1	0.001493
目次	1	0.001493
非	1	0.001493
中	1	0.001493
両方	1	0.001493
とも	1	0.001493
なお	1	0.001493
さまざま	1	0.001493
CD	1	0.001493
ジャケット	1	0.001493
キャラクター	1	0.001493
ドリクマ	1	0.001493
登場	1	0.001493
エリック	1	0.001493
マーティン	1	0.001493
Noa	1	0.001493
カヴァー	1	0.001493
挿入	1	0.001493
歌	1	0.001493
第	1	0.001493
付	1	0.001493
OH	1	0.001493
LITTLE	1	0.001493
GIRL	1	0.001493
尾崎	1	0.001493
豊	1	0.001493
愛	1	0.001493
泳ぎ	1	0.001493
疲れ	1	0.001493
Boy	1	0.001493
ただ	1	0.001493
泣き	1	0.001493
なる	1	0.001493
中山	1	0.001493
美穂	1	0.001493
おおきに	1	0.001493
毎度	1	0.001493
あり	1	0.001493
GAMBA	1	0.001493
ら	1	0.001493
なく	1	0.001493
ちゃ	1	0.001493
LINDBERG	1	0.001493
Nights	1	0.001493
of	1	0.001493
Knife	1	0.001493
TMN	1	0.001493
16	1	0.001493
夏	1	0.001493
抱きしめ	1	0.001493
TUBE	1	0.001493
30	1	0.001493
空	1	0.001493
君	1	0.001493
あいだ	1	0.001493
ファイト	1	0.001493
!（	1	0.001493
中島	1	0.001493
みゆき	1	0.001493
survival	1	0.001493
dAnce	1	0.001493
cry	1	0.001493
more	1	0.001493
?（	1	0.001493
trf	1	0.001493
20	1	0.001493
27	1	0.001493
瞳	1	0.001493
そらさ	1	0.001493
DEEN	1	0.001493
Miss	1	0.001493
You	1	0.001493
今井	1	0.001493
美樹	1	0.001493
HEART	1	0.001493
NATURAL	1	0.001493
Your	1	0.001493
Mark	1	0.001493
22	1	0.001493
こんな	1	0.001493
そば	1	0.001493
居る	1	0.001493
のに	1	0.001493
29	1	0.001493
SPY	1	0.001493
槇原	1	0.001493
敬之	1	0.001493
VIRGIN	1	0.001493
BEAT	1	0.001493
氷室	1	0.001493
京介	1	0.001493
がんばり	1	0.001493
ましょ	1	0.001493
BLUE	1	0.001493
LUNA	1	0.001493
SEA	1	0.001493
永遠	1	0.001493
夢	1	0.001493
向かっ	1	0.001493
大黒	1	0.001493
摩季	1	0.001493
素敵	1	0.001493
誕生	1	0.001493
私	1	0.001493
大事	1	0.001493
シングル・ヴァージョン	1	0.001493
)（	1	0.001493
森高	1	0.001493
千里	1	0.001493
TENCA	1	0.001493
取ろ	1	0.001493
野望	1	0.001493
有紀	1	0.001493
春	1	0.001493
来い	1	0.001493
逢い	1	0.001493
MOTEL	1	0.001493
everybody	1	0.001493
goes	1	0.001493
秩序	1	0.001493
現代	1	0.001493
ドロップ	1	0.001493
キック	1	0.001493
1967	1	0.001493
1968	1	0.001493
1969	1	0.001493
1970	1	0.001493
1971	1	0.001493
1972	1	0.001493
1973	1	0.001493
1974	1	0.001493
1975	1	0.001493
1976	1	0.001493
1977	1	0.001493
1978	1	0.001493
1979	1	0.001493
1980	1	0.001493
1981	1	0.001493
1982	1	0.001493
1983	1	0.001493
1984	1	0.001493
1985	1	0.001493
1986	1	0.001493
1987	1	0.001493
1988	1	0.001493
1989	1	0.001493
1991	1	0.001493
1996	1	0.001493
1997	1	0.001493
2001	1	0.001493
2002	1	0.001493
2004	1	0.001493
2005	1	0.001493
2006	1	0.001493
2007	1	0.001493
2008	1	0.001493
2010	1	0.001493
)』	1	0.001493
52	1	0.001493
SONY	1	0.001493
MD	1	0.001493
WALKMAN	1	0.001493
CF	1	0.001493
使用	1	0.001493
こと	1	0.001493
関係	1	0.001493
WINER	1	0.001493
以外	1	0.001493
一新	1	0.001493
同じ	1	0.001493
タイトル	1	0.001493
入り	1	0.001493
再	1	0.001493
nd	1	0.001493
により	1	0.001493
あわせ	1	0.001493
突破	1	0.001493
ちなみに	1	0.001493
日本人	1	0.001493
歌手	1	0.001493
全	1	0.001493
英	1	0.001493
詞	1	0.001493
歴代	1	0.001493
本	1	0.001493
Real	1	0.001493
Thing	1	0.001493
Shakes	1	0.001493
ミュージック	1	0.001493
VHS	1	0.001493
91	1	0.001493
95	1	0.001493
★	1	0.001493
50	1	0.001493
万	1	0.001493
ドリーム	1	0.001493
キャッチャー	1	0.001493
PV	1	0.001493
時代	1	0.001493
プロモーション	1	0.001493
商品	1	0.001493
ほとんど	1	0.001493
後	1	0.001493
Jingle	1	0.001493
Bells	1	0.001493
in	1	0.001493
back	1	0.001493
ground	1	0.001493
西川	1	0.001493
隆宏	1	0.001493
元	1	0.001493
メンバー	1	0.001493
あなた	1	0.001493
会い	1	0.001493
APPROACH	1	0.001493
はずかし	1	0.001493
朝帰り	1	0.001493
LAT	1	0.001493
43	1	0.001493
°	1	0.001493
N	1	0.001493
forty	1	0.001493
three	1	0.001493
degrees	1	0.001493
north	1	0.001493
latitude	1	0.001493
笑顔	1	0.001493
行方	1	0.001493
さよなら	1	0.001493
待っ	1	0.001493
Eyes	1	0.001493
to	1	0.001493
me	1	0.001493
彼	1	0.001493
友達	1	0.001493
忘れ	1	0.001493
決戦	1	0.001493
金曜日	1	0.001493
太陽	1	0.001493
見	1	0.001493
いい	1	0.001493
サンキュ	1	0.001493
嵐	1	0.001493
ROMANCE	1	0.001493
家	1	0.001493
帰ろ	1	0.001493
そう	1	0.001493
誘惑	1	0.001493
PEACE	1	0.001493
MARRY	1	0.001493
ME	1	0.001493
なんて	1	0.001493
恋	1	0.001493
だろ	1	0.001493
SNOW	1	0.001493
DANCE	1	0.001493
わすれ	1	0.001493
ばん	1	0.001493
ちょう	1	0.001493
TWENTY	1	0.001493
FOUR	1	0.001493
SEVEN	1	0.001493
好き	1	0.001493
じゃ	1	0.001493
だめ	1	0.001493
Go	1	0.001493
Baby	1	0.001493
universal	1	0.001493
mix	1	0.001493
いつのまに	1	0.001493
ALL	1	0.001493
ABOUT	1	0.001493
やさしい	1	0.001493
キス	1	0.001493
マスカラ	1	0.001493
まつげ	1	0.001493
はじまり	1	0.001493
la	1	0.001493
OLA	1	0.001493
VITORIA	1	0.001493
ラヴ	1	0.001493
レター	1	0.001493
何	1	0.001493
度	1	0.001493
でも	1	0.001493
JET	1	0.001493
!!!/	1	0.001493
SUNSHINE	1	0.001493
もしも	1	0.001493
なら	1	0.001493
今日	1	0.001493
大阪	1	0.001493
LOVER	1	0.001493
きみ	1	0.001493
聞こえ	1	0.001493
ア・イ・シ・テ・ル	1	0.001493
サイン	1	0.001493
わたし	1	0.001493
たち	1	0.001493
予想	1	0.001493
図	1	0.001493
featuring	1	0.001493
ルフィ	1	0.001493
ナミ	1	0.001493
ゾロ	1	0.001493
ウソップ	1	0.001493
サンジ	1	0.001493
チョッパー	1	0.001493
ロビン	1	0.001493
フランキー	1	0.001493
ヒルルク	1	0.001493
くれ	1	0.001493
MERRY	1	0.001493
LIFE	1	0.001493
ROUND	1	0.001493
BABY	1	0.001493
てっ	1	0.001493
っ	1	0.001493
GOOD	1	0.001493
BYE	1	0.001493
SCHOOL	1	0.001493
DAYS	1	0.001493
先	1	0.001493
WONDER	1	0.001493
MILLION	1	0.001493
KISSES	1	0.001493
MAGIC	1	0.001493
DELICIOUS	1	0.001493
UNLIMITED	1	0.001493
∞	1	0.001493
SING	1	0.001493
OR	1	0.001493
DIE	1	0.001493
the	1	0.001493
Monster	1	0.001493
monkey	1	0.001493
girl	1	0.001493
odyssey	1	0.001493
DIAMOND	1	0.001493
ROCKS	1	0.001493
AND	1	0.001493
I	1	0.001493
DO	1	0.001493
BEST	1	0.001493
OF	1	0.001493
DREAMAGE	1	0.001493
“	1	0.001493
BALLAD	1	0.001493
DREAMANIA	1	0.001493
SMOOTH	1	0.001493
GROOVE	1	0.001493
OVERFLOWS	1	0.001493
ASIAN	1	0.001493
EDITION	1	0.001493
事項	1	0.001493
DCT	1	0.001493
records	1	0.001493
DCTgarden	1	0.001493
IKEDA	1	0.001493
浦嶋	1	0.001493
りん	1	0.001493
こ	1	0.001493
FUNK	1	0.001493
PEANUTS	1	0.001493
たのし	1	0.001493
大好き	1	0.001493
アマレット	1	0.001493
旅	1	0.001493
ハーモニー	1	0.001493
書き	1	0.001493
かけ	1	0.001493
項目	1	0.001493
です	1	0.001493
加筆	1	0.001493
訂正	1	0.001493
下さる	1	0.001493
協力	1	0.001493
者	1	0.001493
求め	1	0.001493
ます	1	0.001493
P	1	0.001493
音楽	1	0.001493
PJ	1	0.001493
http	1	0.001493
://	1	0.001493
ja	1	0.001493
wikipedia	1	0.001493
org	1	0.001493
wiki	1	0.001493
_	1	0.001493
より	1	0.001493
作成	1	0.001493
カテゴリ	1	0.001493
主題歌	1	0.001493
コマーシャル	1	0.001493
オリコンシングルチャート	1	0.001493
獲得	1	0.001493
ミリオンセラー	1	0.001493
