：	29	0.115538
/	25	0.099602
（	20	0.079681
）	20	0.079681
.	20	0.079681
漫画	19	0.075697
、	17	0.067729
月	12	0.047809
−	12	0.047809
年	11	0.043825
日	10	0.039841
。	8	0.031873
を	8	0.031873
1	8	0.031873
第	8	0.031873
巻	8	0.031873
ISBN	8	0.031873
・	7	0.027888
原	6	0.023904
獣	6	0.023904
文書	6	0.023904
『	6	0.023904
』	6	0.023904
[	6	0.023904
]	6	0.023904
作品	6	0.023904
の	6	0.023904
5	6	0.023904
3	6	0.023904
6	6	0.023904
8	6	0.023904
は	5	0.019920
ドラマ	5	0.019920
CD	5	0.019920
2	5	0.019920
4	5	0.019920
7	5	0.019920
:	4	0.015936
家	4	0.015936
て	4	0.015936
編集	4	0.015936
まき	4	0.015936
9	4	0.015936
-	4	0.015936
日本	3	0.011952
原作	3	0.011952
者	3	0.011952
雑誌	3	0.011952
新書	3	0.011952
館	3	0.011952
た	3	0.011952
登場	3	0.011952
ゼーン	3	0.011952
30	3	0.011952
」	3	0.011952
B	3	0.011952
健一	3	0.011952
項目	3	0.011952
表示	2	0.007968
カテゴリ	2	0.007968
サウス	2	0.007968
にて	2	0.007968
E	5	0.019920
%	11	0.043825
連載	2	0.007968
月刊	2	0.007968
ウィングス	2	0.007968
さ	2	0.007968
れ	2	0.007968
に	2	0.007968
人物	2	0.007968
|	3	0.011952
書籍	2	0.007968
キャスト	2	0.007968
レイ・ジーンセイバーヘーゲン	2	0.007968
村上	2	0.007968
静馬	2	0.007968
し	2	0.007968
アルビレオ	2	0.007968
友	2	0.007968
能	2	0.007968
と	2	0.007968
チェリー	2	0.007968
11	2	0.007968
1997	2	0.007968
2001	2	0.007968
10	2	0.007968
WIN	2	0.007968
アニメイトフィルム	2	0.007968
テーマ	2	0.007968
Vo	2	0.007968
山寺	2	0.007968
宏一	2	0.007968
プロローグ	2	0.007968
!	2	0.007968
チェック	2	0.007968
エピローグ	2	0.007968
中原	2	0.007968
茂	2	0.007968
浅丘	2	0.007968
夏未	2	0.007968
南央	2	0.007968
美	2	0.007968
人	2	0.007968
ヴァージニア	2	0.007968
張	2	0.007968
春生	2	0.007968
医師	2	0.007968
大川	2	0.007968
透	2	0.007968
部下	2	0.007968
A	2	0.007968
望月	2	0.007968
杉田	2	0.007968
智和	2	0.007968
「	2	0.007968
PJ	2	0.007968
出典	1	0.003984
フリー	1	0.003984
百科	1	0.003984
事典	1	0.003984
ウィキペディア	1	0.003984
Wikipedia	1	0.003984
移動	1	0.003984
ナビゲーション	1	0.003984
,	1	0.003984
検索	1	0.003984
関連	1	0.003984
リンク	1	0.003984
ウィキポータル	1	0.003984
プロジェクト	1	0.003984
表	1	0.003984
話	1	0.003984
編	1	0.003984
歴	1	0.003984
ゲンジユウブンシヨ	1	0.003984
なる	1	0.003984
しま	1	0.003984
ゆり	1	0.003984
による	1	0.003984
1995	1	0.003984
から	1	0.003984
開始	1	0.003984
休刊	1	0.003984
後	1	0.003984
増刊	1	0.003984
で	1	0.003984
あっ	1	0.003984
ハックルベリー	1	0.003984
本	1	0.003984
化	1	0.003984
いる	1	0.003984
目次	1	0.003984
非	1	0.003984
むら	1	0.003984
かみ	1	0.003984
ず	1	0.003984
ま	1	0.003984
も	1	0.003984
のう	1	0.003984
1996	1	0.003984
20	1	0.003984
4403614361	1	0.003984
14	1	0.003984
4403614639	1	0.003984
1998	1	0.003984
29	1	0.003984
4403615082	1	0.003984
1999	1	0.003984
4403615376	1	0.003984
2000	1	0.003984
4403615961	1	0.003984
12	1	0.003984
4403616585	1	0.003984
2003	1	0.003984
4403617301	1	0.003984
2005	1	0.003984
4403618006	1	0.003984
25	1	0.003984
0001	1	0.003984
そして	1	0.003984
冒険	1	0.003984
始まっ	1	0.003984
OP	1	0.003984
始まり	1	0.003984
石	1	0.003984
遭遇	1	0.003984
告白	1	0.003984
　	1	0.003984
魔神	1	0.003984
ゆれる	1	0.003984
想い	1	0.003984
婚	1	0.003984
歌	1	0.003984
ED	1	0.003984
II	1	0.003984
31	1	0.003984
0010	1	0.003984
話そ	1	0.003984
う	1	0.003984
よ	1	0.003984
.「	1	0.003984
巫	1	0.003984
子	1	0.003984
サバイバル	1	0.003984
レイ	1	0.003984
ジーン	1	0.003984
基地	1	0.003984
破壊	1	0.003984
順	1	0.003984
博士	1	0.003984
三木	1	0.003984
眞一郎	1	0.003984
子供	1	0.003984
時代	1	0.003984
森川	1	0.003984
智之	1	0.003984
緒方	1	0.003984
恵美	1	0.003984
浅川	1	0.003984
悠	1	0.003984
今井	1	0.003984
由香	1	0.003984
魔	1	0.003984
緑川	1	0.003984
光	1	0.003984
森久保	1	0.003984
祥	1	0.003984
太郎	1	0.003984
折笠	1	0.003984
愛	1	0.003984
石井	1	0.003984
康嗣	1	0.003984
イワン	1	0.003984
ロストフ	1	0.003984
室園	1	0.003984
丈	1	0.003984
裕	1	0.003984
カレッセオ	1	0.003984
津野田	1	0.003984
なるみ	1	0.003984
ティトオ	1	0.003984
根	1	0.003984
谷	1	0.003984
美智子	1	0.003984
園部	1	0.003984
啓一	1	0.003984
飛田	1	0.003984
展	1	0.003984
男	1	0.003984
ガ	1	0.003984
レス	1	0.003984
G	1	0.003984
ジョーンズ	1	0.003984
隊長	1	0.003984
うすい	1	0.003984
たか	1	0.003984
やす	1	0.003984
ハインツ	1	0.003984
細井	1	0.003984
治	1	0.003984
大陸	1	0.003984
太田	1	0.003984
正道	1	0.003984
小林	1	0.003984
由美子	1	0.003984
カナーン	1	0.003984
岩田	1	0.003984
光央	1	0.003984
クリストファー	1	0.003984
ディーツ	1	0.003984
鈴村	1	0.003984
ガレス	1	0.003984
長	1	0.003984
嶝高	1	0.003984
士	1	0.003984
キュー	1	0.003984
トス	1	0.003984
飯田	1	0.003984
利信	1	0.003984
サヴァルク	1	0.003984
ケイ	1	0.003984
海賊	1	0.003984
山田	1	0.003984
真一	1	0.003984
この	1	0.003984
に関する	1	0.003984
書き	1	0.003984
かけ	1	0.003984
です	1	0.003984
加筆	1	0.003984
訂正	1	0.003984
など	1	0.003984
下さる	1	0.003984
協力	1	0.003984
求め	1	0.003984
い	1	0.003984
ます	1	0.003984
P	1	0.003984
が	1	0.003984
場合	1	0.003984
{{	1	0.003984
Manga	1	0.003984
artist	1	0.003984
stub	1	0.003984
}}	1	0.003984
貼り	1	0.003984
付け	1	0.003984
ください	1	0.003984
http	1	0.003984
://	1	0.003984
ja	1	0.003984
wikipedia	1	0.003984
org	1	0.003984
wiki	1	0.003984
/%	1	0.003984
F	1	0.003984
D	1	0.003984
96	1	0.003984
87	1	0.003984
より	1	0.003984
作成	1	0.003984
け	1	0.003984
ファンタジー	1	0.003984
