周	5	2.500000
忠	5	2.500000
:	3	1.500000
蔵田	2	1.000000
出典	1	0.500000
フリー	1	0.500000
百科	1	0.500000
事典	1	0.500000
（	21	10.500000
『	1	0.500000
）	21	10.500000
ウィキペディア	1	0.500000
Wikipedia	1	0.500000
』	1	0.500000
移動	1	0.500000
ナビゲーション	1	0.500000
,	1	0.500000
た	8	4.000000
検索	1	0.500000
、	24	12.000000
1895	2	1.000000
年	27	13.500000
-	2	1.000000
1966	2	1.000000
は	2	1.000000
日本	2	1.000000
の	24	12.000000
建築	11	5.500000
家	3	1.500000
。	13	6.500000
分離	2	1.000000
派	2	1.000000
会	4	2.000000
に	13	6.500000
参加	2	1.000000
し	6	3.000000
史	2	1.000000
くら	1	0.500000
著作	2	1.000000
ちかただ	1	0.500000
関係	1	0.500000
が	1	0.500000
東京	5	2.500000
高等	3	1.500000
工芸	3	1.500000
学校	4	2.000000
武蔵工業大学	2	1.000000
で	3	1.500000
多い	1	0.500000
を	4	2.000000
また	1	0.500000
後進	1	0.500000
[	3	1.500000
編集	3	1.500000
]	3	1.500000
山口	2	1.000000
県	2	1.000000
指導	1	0.500000
出身	2	1.000000
経歴	1	0.500000
浜岡	4	2.000000
萩	1	0.500000
旧姓	1	0.500000
新制	3	1.500000
1913	1	0.500000
前身	3	1.500000
工手	1	0.500000
工学院大学	1	0.500000
卒業	1	0.500000
1914	1	0.500000
設計	2	1.000000
事務所	5	2.500000
入所	2	1.000000
三橋	1	0.500000
曽	2	1.000000
四郎	1	0.500000
その後	1	0.500000
ら	2	1.000000
禰達	1	0.500000
蔵	1	0.500000
禰	1	0.500000
中條	1	0.500000
移っ	1	0.500000
1920	1	0.500000
早稲田大学	1	0.500000
選科	1	0.500000
生	1	0.500000
として	1	0.500000
入学	1	0.500000
記念	4	2.000000
1921	1	0.500000
平和	1	0.500000
1922	3	1.500000
博覧	1	0.500000
上野公園	1	0.500000
施設	1	0.500000
建設	1	0.500000
技術	1	0.500000
員	1	0.500000
なり	1	0.500000
ここ	1	0.500000
と	4	2.000000
堀口	1	0.500000
捨己	1	0.500000
知り合い	1	0.500000
同	1	0.500000
三	1	0.500000
橋	1	0.500000
関根	2	1.000000
先輩	1	0.500000
だっ	1	0.500000
要太郎	1	0.500000
や	2	1.000000
聖蹟	3	1.500000
館	3	1.500000
など	2	1.000000
京王	1	0.500000
1927	3	1.500000
千葉大学	2	1.000000
閣	1	0.500000
関わっ	1	0.500000
学部	1	0.500000
講師	1	0.500000
1930	2	1.000000
1943	1	0.500000
まで	1	0.500000
ワイマール	1	0.500000
共和	1	0.500000
政	1	0.500000
時代	1	0.500000
ドイツ	1	0.500000
グロピウス	3	1.500000
渡り	1	0.500000
作品	2	1.000000
バウハウス	1	0.500000
モダニズム	1	0.500000
接し	1	0.500000
1932	1	0.500000
武蔵	1	0.500000
都市	3	1.500000
大学	2	1.000000
工科	1	0.500000
現	1	0.500000
教授	1	0.500000
「	3	1.500000
就任	1	0.500000
1962	1	0.500000
農家	1	0.500000
居住	1	0.500000
性	1	0.500000
」	3	1.500000
に関する	1	0.500000
研究	1	0.500000
により	1	0.500000
工学	1	0.500000
博士	1	0.500000
多摩	2	1.000000
号	1	0.500000
取得	1	0.500000
聖	1	0.500000
1926	3	1.500000
シオン	1	0.500000
会堂	1	0.500000
現存	1	0.500000
ない	1	0.500000
担当	1	0.500000
計画	2	1.000000
著	2	1.000000
等々力	1	0.500000
ジードルンク	1	0.500000
文化	3	1.500000
　	5	2.500000
森口	2	1.000000
多	2	1.000000
里	2	1.000000
・	3	1.500000
編	2	1.000000
訳書	1	0.500000
1924	2	1.000000
近代	2	1.000000
エジプト	1	0.500000
印度	1	0.500000
思潮	1	0.500000
ロダン	1	0.500000
以後	1	0.500000
ルネッサンス	1	0.500000
ブルー	1	0.500000
ノ	1	0.500000
タウト	1	0.500000
1942	1	0.500000
1953	1	0.500000
民家	1	0.500000
帖	1	0.500000
1955	1	0.500000
1965	1	0.500000
生活	1	0.500000
空間	1	0.500000
創造	1	0.500000
戸川	1	0.500000
敬一	1	0.500000
共	1	0.500000
訳	1	0.500000
彰	1	0.500000
国	1	0.500000
社	1	0.500000
1958	1	0.500000
−	1	0.500000
アメリカ	1	0.500000
移住	1	0.500000
後	1	0.500000
講義	1	0.500000
録	1	0.500000
元	1	0.500000
http	1	0.500000
.	2	1.000000
://	1	0.500000
ja	1	0.500000
wikipedia	1	0.500000
org	1	0.500000
/	1	0.500000
E	4	2.000000
8	2	1.000000
%	11	5.500000
94	2	1.000000
B	2	1.000000
5	3	1.500000
wiki	1	0.500000
0	2	1.000000
/%	1	0.500000
A	2	1.000000
7	1	0.500000
91	1	0.500000
BF	1	0.500000
より	1	0.500000
|	6	3.000000
教員	2	1.000000
作成	1	0.500000
カテゴリ	1	0.500000
人物	1	0.500000
年生	1	0.500000
没	1	0.500000
