ダム	43	0.119444
、	26	0.072222
の	23	0.063889
大町	22	0.061111
に	22	0.061111
は	20	0.055556
を	20	0.055556
。	18	0.050000
・	16	0.044444
（	15	0.041667
）	15	0.041667
で	15	0.041667
年	14	0.038889
た	13	0.036111
が	12	0.033333
発電	11	0.030556
%	11	0.030556
所	10	0.027778
湖	9	0.025000
ある	9	0.025000
高瀬川	8	0.022222
と	8	0.022222
し	8	0.022222
.	7	0.019444
3	7	0.019444
て	7	0.019444
,	6	0.016667
県	6	0.016667
市	6	0.016667
:	5	0.013889
長野	5	0.013889
信濃川	5	0.013889
水系	5	0.013889
0	5	0.013889
m	5	0.013889
国土	5	0.013889
交通省	5	0.013889
さ	5	0.013889
れ	5	0.013889
する	5	0.013889
[	5	0.013889
]	5	0.013889
から	5	0.013889
として	5	0.013889
『	4	0.011111
』	4	0.011111
龍神	4	0.011111
重力	4	0.011111
式	4	0.011111
コンクリート	4	0.011111
000	4	0.011111
目的	4	0.011111
特定	4	0.011111
事業	4	0.011111
東京電力	4	0.011111
編集	4	0.011111
も	4	0.011111
昭和	4	0.011111
-	4	0.011111
E	4	0.011111
河川	3	0.008333
堤	3	0.008333
洪水	3	0.008333
調節	3	0.008333
不	3	0.008333
利水	3	0.008333
北陸	3	0.008333
地方	3	0.008333
整備	3	0.008333
局	3	0.008333
名	3	0.008333
/	3	0.008333
建設	3	0.008333
水力	3	0.008333
周辺	3	0.008333
関連	3	0.008333
あり	3	0.008333
高瀬	3	0.008333
月	3	0.008333
「	3	0.008333
」	3	0.008333
計画	3	0.008333
多目的	3	0.008333
この	3	0.008333
三国川	3	0.008333
一	3	0.008333
竜	3	0.008333
いる	3	0.008333
日本	3	0.008333
放流	3	0.008333
A	3	0.008333
|	3	0.008333
平	2	0.005556
字	2	0.005556
位置	2	0.005556
度	2	0.005556
分	2	0.005556
秒	2	0.005556
高	2	0.005556
107	2	0.005556
流域	2	0.005556
2	2	0.005556
貯水	2	0.005556
容量	2	0.005556
900	2	0.005556
上水道	2	0.005556
1985	2	0.005556
直轄	2	0.005556
1	2	0.005556
歴史	2	0.005556
項目	2	0.005556
4	2	0.005556
外部	2	0.005556
リンク	2	0.005556
槍ヶ岳	2	0.005556
急流	2	0.005556
こと	2	0.005556
ば	2	0.005556
下流	2	0.005556
水害	2	0.005556
44	2	0.005556
大	2	0.005556
七倉	2	0.005556
8	2	0.005556
実施	2	0.005556
総合	2	0.005556
開発	2	0.005556
筋	2	0.005556
おり	2	0.005556
上流	2	0.005556
知ら	2	0.005556
資料	2	0.005556
室	2	0.005556
伝説	2	0.005556
犀	2	0.005556
龍	2	0.005556
子	2	0.005556
太郎	2	0.005556
を通じて	2	0.005556
カテゴリ	2	0.005556
7	2	0.005556
83	2	0.005556
出典	1	0.002778
フリー	1	0.002778
百科	1	0.002778
事典	1	0.002778
ウィキペディア	1	0.002778
Wikipedia	1	0.002778
移動	1	0.002778
ナビゲーション	1	0.002778
検索	1	0.002778
所在地	1	0.002778
左岸	1	0.002778
馬返し	1	0.002778
右岸	1	0.002778
クラ	1	0.002778
ガリ	1	0.002778
沢	1	0.002778
北緯	1	0.002778
36	1	0.002778
30	1	0.002778
52	1	0.002778
東経	1	0.002778
137	1	0.002778
46	1	0.002778
55	1	0.002778
諸	1	0.002778
元	1	0.002778
型式	1	0.002778
頂	1	0.002778
長	1	0.002778
338	1	0.002778
体積	1	0.002778
766	1	0.002778
面積	1	0.002778
193	1	0.002778
km	1	0.002778
湛	1	0.002778
水面	1	0.002778
積	1	0.002778
110	1	0.002778
ha	1	0.002778
総	1	0.002778
33	1	0.002778
有効	1	0.002778
28	1	0.002778
利用	1	0.002778
主体	1	0.002778
電気	1	0.002778
者	1	0.002778
認可	1	0.002778
出力	1	0.002778
(	1	0.002778
13	1	0.002778
kW	1	0.002778
)	1	0.002778
施工	1	0.002778
業者	1	0.002778
前田建設工業	1	0.002778
間組	1	0.002778
着工	1	0.002778
竣工	1	0.002778
1972	1	0.002778
表	1	0.002778
話	1	0.002778
編	1	0.002778
歴	1	0.002778
おお	1	0.002778
まち	1	0.002778
メートル	1	0.002778
多	1	0.002778
人造湖	1	0.002778
りゅう	1	0.002778
じん	1	0.002778
こ	1	0.002778
いう	1	0.002778
目次	1	0.002778
非	1	0.002778
表示	1	0.002778
北アルプス	1	0.002778
飛騨山脈	1	0.002778
水源	1	0.002778
水量	1	0.002778
豊富	1	0.002778
あっ	1	0.002778
大正	1	0.002778
時代	1	0.002778
進め	1	0.002778
られ	1	0.002778
い	1	0.002778
しかし	1	0.002778
ため	1	0.002778
大雨	1	0.002778
降れ	1	0.002778
たちまち	1	0.002778
増水	1	0.002778
域	1	0.002778
見舞わ	1	0.002778
1969	1	0.002778
において	1	0.002778
規模	1	0.002778
揚水	1	0.002778
新	1	0.002778
着手	1	0.002778
同年	1	0.002778
豪雨	1	0.002778
により	1	0.002778
襲っ	1	0.002778
これ	1	0.002778
契機	1	0.002778
建設省	1	0.002778
現	1	0.002778
1974	1	0.002778
49	1	0.002778
工事	1	0.002778
基本	1	0.002778
改訂	1	0.002778
による	1	0.002778
含め	1	0.002778
中	1	0.002778
特に	1	0.002778
被害	1	0.002778
受け	1	0.002778
新潟	1	0.002778
魚野川	1	0.002778
ぐりがわ	1	0.002778
60	1	0.002778
完成	1	0.002778
犀川	1	0.002778
唯一	1	0.002778
全体	1	0.002778
見	1	0.002778
他	1	0.002778
のみ	1	0.002778
中心	1	0.002778
市街地	1	0.002778
道	1	0.002778
326	1	0.002778
号	1	0.002778
線	1	0.002778
西	1	0.002778
へ	1	0.002778
進み	1	0.002778
テプコ	1	0.002778
館	1	0.002778
や	1	0.002778
エネルギー	1	0.002778
博物館	1	0.002778
過ぎる	1	0.002778
間もなく	1	0.002778
視界	1	0.002778
入る	1	0.002778
公園	1	0.002778
なっ	1	0.002778
紅葉	1	0.002778
名所	1	0.002778
れる	1	0.002778
渓谷	1	0.002778
管理	1	0.002778
階	1	0.002778
部分	1	0.002778
開放	1	0.002778
申し込み	1	0.002778
すれ	1	0.002778
内部	1	0.002778
監査	1	0.002778
廊	1	0.002778
見学	1	0.002778
できる	1	0.002778
いい	1	0.002778
湖岸	1	0.002778
匹	1	0.002778
その	1	0.002778
背中	1	0.002778
乗っ	1	0.002778
人	1	0.002778
少年	1	0.002778
銅像	1	0.002778
これら	1	0.002778
地元	1	0.002778
伝わる	1	0.002778
泉	1	0.002778
小太郎	1	0.002778
ちなん	1	0.002778
だ	1	0.002778
もの	1	0.002778
物語	1	0.002778
一部始終	1	0.002778
童話	1	0.002778
広く	1	0.002778
TBS	1	0.002778
系列	1	0.002778
放送	1	0.002778
まんが	1	0.002778
昔ばなし	1	0.002778
オープニング	1	0.002778
お	1	0.002778
馴染み	1	0.002778
直下	1	0.002778
中の沢	1	0.002778
水	1	0.002778
逆	1	0.002778
調整	1	0.002778
定量	1	0.002778
ほか	1	0.002778
冬	1	0.002778
青木	1	0.002778
木崎	1	0.002778
水位	1	0.002778
低下	1	0.002778
抑える	1	0.002778
1997	1	0.002778
平成	1	0.002778
9	1	0.002778
試験	1	0.002778
的	1	0.002778
効果	1	0.002778
上げ	1	0.002778
母子	1	0.002778
像	1	0.002778
ウィキメディア・コモンズ	1	0.002778
ます	1	0.002778
七	1	0.002778
倉	1	0.002778
便覧	1	0.002778
財団	1	0.002778
法人	1	0.002778
協会	1	0.002778
http	1	0.002778
://	1	0.002778
ja	1	0.002778
wikipedia	1	0.002778
org	1	0.002778
wiki	1	0.002778
/%	1	0.002778
5	1	0.002778
94	1	0.002778
BA	1	0.002778
80	1	0.002778
より	1	0.002778
作成	1	0.002778
