、	39	0.110795
。	31	0.088068
の	26	0.073864
に	25	0.071023
250	24	0.068182
ST	23	0.065341
た	23	0.065341
は	20	0.056818
れ	20	0.056818
さ	16	0.045455
2	16	0.045455
：	14	0.039773
と	13	0.036932
が	13	0.036932
て	13	0.036932
→	13	0.036932
を	12	0.034091
mm	12	0.034091
/	11	0.031250
.	11	0.031250
・	9	0.025568
で	9	0.025568
Etype	9	0.025568
いる	9	0.025568
スズキ	8	0.022727
年	8	0.022727
し	8	0.022727
1	7	0.019886
3	7	0.019886
（	5	0.014205
）	5	0.014205
,	5	0.014205
として	5	0.014205
な	5	0.014205
エンジン	5	0.014205
[	5	0.014205
]	5	0.014205
(	5	0.014205
化	5	0.014205
-	5	0.014205
S	5	0.014205
始動	5	0.014205
販売	4	0.011364
オートバイ	4	0.011364
ある	4	0.011364
発売	4	0.011364
%	11	0.031250
から	4	0.011364
い	4	0.011364
ボルティー	4	0.011364
モデル	4	0.011364
カスタマイズ	4	0.011364
4	4	0.011364
編集	4	0.011364
また	4	0.011364
など	4	0.011364
装備	4	0.011364
なっ	4	0.011364
も	4	0.011364
kg	4	0.011364
C	4	0.011364
行わ	4	0.011364
キック	4	0.011364
「	4	0.011364
」	4	0.011364
E	4	0.011364
:	3	0.008523
月	3	0.008523
バルブ	3	0.008523
前後	3	0.008523
フェンダー	3	0.008523
価格	3	0.008523
2004	3	0.008523
9	3	0.008523
)/	3	0.008523
km	3	0.008523
l	3	0.008523
高	3	0.008523
18	3	0.008523
90	3	0.008523
M	3	0.008523
ため	3	0.008523
セル	3	0.008523
式	3	0.008523
台	3	0.008523
後	3	0.008523
限定	3	0.008523
82	3	0.008523
する	2	0.005682
こと	2	0.005682
2008	2	0.005682
のみ	2	0.005682
上	2	0.005682
後継	2	0.005682
車種	2	0.005682
2003	2	0.005682
第	2	0.005682
37	2	0.005682
回	2	0.005682
東京モーターショー	2	0.005682
出品	2	0.005682
系	2	0.005682
スタンダード	2	0.005682
シンプル	2	0.005682
的	2	0.005682
バイク	2	0.005682
共通	2	0.005682
外部	2	0.005682
リンク	2	0.005682
12	2	0.005682
日	2	0.005682
全国	2	0.005682
単	2	0.005682
気筒	2	0.005682
搭載	2	0.005682
シリンダー	2	0.005682
メッキ	2	0.005682
や	2	0.005682
小売	2	0.005682
希望	2	0.005682
非常	2	0.005682
個	2	0.005682
変更	2	0.005682
ボルティ	2	0.005682
次	2	0.005682
比	2	0.005682
Nm	2	0.005682
kgm	2	0.005682
6000	2	0.005682
rpm	2	0.005682
55	2	0.005682
770	2	0.005682
750	2	0.005682
シート	2	0.005682
重量	2	0.005682
°	2	0.005682
25	2	0.005682
′	2	0.005682
61	2	0.005682
タイプ	2	0.005682
自動車	2	0.005682
排出	2	0.005682
ガス	2	0.005682
規制	2	0.005682
対応	2	0.005682
により	2	0.005682
マフラー	2	0.005682
施し	2	0.005682
万	2	0.005682
円	2	0.005682
大幅	2	0.005682
デザインスタディモデル	2	0.005682
B	2	0.005682
この	2	0.005682
出典	1	0.002841
フリー	1	0.002841
百科	1	0.002841
事典	1	0.002841
『	1	0.002841
ウィキペディア	1	0.002841
Wikipedia	1	0.002841
』	1	0.002841
移動	1	0.002841
ナビゲーション	1	0.002841
検索	1	0.002841
エスティー	1	0.002841
ひゃく	1	0.002841
ご	1	0.002841
じゅう	1	0.002841
製造	1	0.002841
現在	1	0.002841
以前	1	0.002841
事実	1	0.002841
世界	1	0.002841
初	1	0.002841
ストリート	1	0.002841
フォルム	1	0.002841
特徴	1	0.002841
グラストラッカー	1	0.002841
ビッグ	1	0.002841
ボーイ	1	0.002841
目次	1	0.002841
非	1	0.002841
表示	1	0.002841
空冷	1	0.002841
ベース	1	0.002841
新規	1	0.002841
設計	1	0.002841
サイクル	1	0.002841
SOHC	1	0.002841
249	1	0.002841
cc	1	0.002841
最高	1	0.002841
出力	1	0.002841
20	1	0.002841
ps	1	0.002841
高速	1	0.002841
SCEM	1	0.002841
)	1	0.002841
採用	1	0.002841
耐	1	0.002841
摩耗	1	0.002841
性	1	0.002841
優れ	1	0.002841
熱	1	0.002841
伝導	1	0.002841
率	1	0.002841
高い	1	0.002841
冷却	1	0.002841
効率	1	0.002841
実現	1	0.002841
現行	1	0.002841
ストローク	1	0.002841
最も	1	0.002841
シングルディスクブレーキ	1	0.002841
スポーク	1	0.002841
ホイール	1	0.002841
ツイン	1	0.002841
ショック	1	0.002841
樹脂	1	0.002841
車載	1	0.002841
工具	1	0.002841
オプション	1	0.002841
扱い	1	0.002841
簡素	1	0.002841
低	1	0.002841
￥	1	0.002841
366	1	0.002841
450	1	0.002841
進め	1	0.002841
結果	1	0.002841
意味	1	0.002841
手頃	1	0.002841
乗り	1	0.002841
やすい	1	0.002841
機種	1	0.002841
当たり	1	0.002841
部品	1	0.002841
多い	1	0.002841
まで	1	0.002841
両	1	0.002841
とも	1	0.002841
並	1	0.002841
売	1	0.002841
だっ	1	0.002841
に対し	1	0.002841
排気	1	0.002841
口	1	0.002841
スペック	1	0.002841
違い	1	0.002841
圧縮	1	0.002841
0	1	0.002841
最大	1	0.002841
トルク	1	0.002841
21	1	0.002841
22	1	0.002841
燃費	1	0.002841
54	1	0.002841
5	1	0.002841
前期	1	0.002841
型	1	0.002841
57	1	0.002841
)→	1	0.002841
全長	1	0.002841
005	1	0.002841
070	1	0.002841
全幅	1	0.002841
軸	1	0.002841
距離	1	0.002841
325	1	0.002841
375	1	0.002841
最低	1	0.002841
地上	1	0.002841
160	1	0.002841
165	1	0.002841
乾燥	1	0.002841
125	1	0.002841
129	1	0.002841
127	1	0.002841
減速	1	0.002841
733	1	0.002841
866	1	0.002841
キャスター	1	0.002841
28	1	0.002841
トレール	1	0.002841
107	1	0.002841
92	1	0.002841
フロント	1	0.002841
タイヤ	1	0.002841
00	1	0.002841
47	1	0.002841
51	1	0.002841
リヤタイヤ	1	0.002841
120	1	0.002841
80	1	0.002841
17	1	0.002841
110	1	0.002841
ハザード	1	0.002841
スイッチ	1	0.002841
パッシングライト・スイッチ	1	0.002841
消滅	1	0.002841
2007	1	0.002841
へ	1	0.002841
統合	1	0.002841
生産	1	0.002841
終了	1	0.002841
15	1	0.002841
スターター	1	0.002841
加え	1	0.002841
マニュアルデコンプ	1	0.002841
ヘッドライト	1	0.002841
メーター	1	0.002841
カバー	1	0.002841
高級	1	0.002841
感	1	0.002841
有る	1	0.002841
加工	1	0.002841
ガソリン	1	0.002841
タンク	1	0.002841
グラデーション	1	0.002841
塗装	1	0.002841
基本	1	0.002841
性能	1	0.002841
諸	1	0.002841
元	1	0.002841
変わり	1	0.002841
無い	1	0.002841
増	1	0.002841
併用	1	0.002841
為	1	0.002841
点火	1	0.002841
方式	1	0.002841
フル	1	0.002841
トランジスタ	1	0.002841
CDI	1	0.002841
強	1	0.002841
マイナー	1	0.002841
チェンジ	1	0.002841
フューエルインジェクション	1	0.002841
触媒	1	0.002841
廃止	1	0.002841
なお	1	0.002841
質感	1	0.002841
向上	1	0.002841
同時に	1	0.002841
定価	1	0.002841
税込み	1	0.002841
45	1	0.002841
程度	1	0.002841
上昇	1	0.002841
参考	1	0.002841
DESIGN	1	0.002841
STUDY	1	0.002841
MODEL	1	0.002841
（株）	1	0.002841
二	1	0.002841
輪	1	0.002841
A	1	0.002841
セパレート	1	0.002841
ハンドル	1	0.002841
バック	1	0.002841
ステップ	1	0.002841
フロントカウル	1	0.002841
シングル	1	0.002841
アルミ	1	0.002841
レーサー	1	0.002841
イメージ	1	0.002841
100	1	0.002841
レッグシールド	1	0.002841
大型	1	0.002841
ノスタルジック	1	0.002841
雰囲気	1	0.002841
醸し	1	0.002841
だす	1	0.002841
往年	1	0.002841
SW	1	0.002841
よく	1	0.002841
似	1	0.002841
200	1	0.002841
関連	1	0.002841
書き	1	0.002841
かけ	1	0.002841
項目	1	0.002841
です	1	0.002841
記事	1	0.002841
加筆	1	0.002841
訂正	1	0.002841
下さる	1	0.002841
協力	1	0.002841
者	1	0.002841
求め	1	0.002841
ます	1	0.002841
PJ	1	0.002841
http	1	0.002841
://	1	0.002841
ja	1	0.002841
wikipedia	1	0.002841
org	1	0.002841
wiki	1	0.002841
/%	1	0.002841
BA	1	0.002841
AD	1	0.002841
83	1	0.002841
BBST	1	0.002841
より	1	0.002841
作成	1	0.002841
カテゴリ	1	0.002841
