年	91	0.135417
）	89	0.132440
（	78	0.116071
、	74	0.110119
の	55	0.081845
月	55	0.081845
|	44	0.065476
日	38	0.056548
。	31	0.046131
・	21	0.031250
3	21	0.031250
ひな	20	0.029762
は	19	0.028274
[	19	0.028274
「	19	0.028274
」	19	0.028274
2010	19	0.028274
]	18	0.026786
に	16	0.023810
4	16	0.023810
-	16	0.023810
1998	16	0.023810
を	15	0.022321
編集	15	0.022321
日本テレビ	15	0.022321
が	14	0.020833
で	13	0.019345
賞	13	0.019345
と	13	0.019345
て	13	0.019345
.	12	0.017857
吉川	11	0.016369
し	11	0.016369
　	11	0.016369
12	11	0.016369
1	11	0.016369
フジテレビ	11	0.016369
2009	11	0.016369
2	10	0.014881
た	9	0.013393
6	9	0.013393
『	8	0.011905
』	8	0.011905
日本	8	0.011905
映画	8	0.011905
1997	8	0.011905
ある	8	0.011905
TBS	8	0.011905
2001	7	0.010417
第	7	0.010417
ゲスト	7	0.010417
年代	7	0.010417
:	6	0.008929
な	6	0.008929
/	6	0.008929
5	6	0.008929
7	6	0.008929
出演	6	0.008929
8	6	0.008929
9	6	0.008929
!（	6	0.008929
回	6	0.008929
,	5	0.007440
この	5	0.007440
あり	5	0.007440
人物	5	0.007440
アルバム	5	0.007440
にて	5	0.007440
1999	5	0.007440
10	5	0.007440
ます	4	0.005952
書き	4	0.005952
1979	4	0.005952
21	4	0.005952
系	4	0.005952
受賞	4	0.005952
さ	4	0.005952
☆	4	0.005952
から	4	0.005952
など	4	0.005952
れ	4	0.005952
いる	4	0.005952
こと	4	0.005952
テレビ	4	0.005952
!	4	0.005952
27	4	0.005952
81	4	0.005952
節	3	0.004464
か	3	0.004464
出身	3	0.004464
東京	3	0.004464
都	3	0.004464
型	3	0.004464
B	3	0.004464
サイズ	3	0.004464
表示	3	0.004464
ファッションモデル	3	0.004464
女優	3	0.004464
タレント	3	0.004464
レプロエンタテインメント	3	0.004464
作品	3	0.004464
バラエティ	3	0.004464
歴	3	0.004464
項目	4	0.005952
れる	3	0.004464
新人	3	0.004464
Spica	3	0.004464
キャラクター	3	0.004464
私	3	0.004464
兄	3	0.004464
犬	3	0.004464
い	3	0.004464
人	3	0.004464
より	3	0.004464
1995	3	0.004464
読売	3	0.004464
団	3	0.004464
ゴールデン	3	0.004464
2006	3	0.004464
も	3	0.004464
!!（	3	0.004464
11	3	0.004464
レギュラー	3	0.004464
E	5	0.007440
%	14	0.020833
20	3	0.004464
13	3	0.004464
毎日放送	3	0.004464
ちゃん	3	0.004464
俳優	3	0.004464
者	3	0.004464
記事	2	0.002976
雑多	2	0.002976
内容	2	0.002976
箇条	2	0.002976
として	2	0.002976
する	2	0.002976
よし	2	0.002976
わ	2	0.002976
プロフィール	2	0.002976
30	2	0.002976
東久留米	2	0.002976
市	2	0.002976
2007	2	0.002976
身長	2	0.002976
体重	2	0.002976
cm	2	0.002976
―	2	0.002976
スリー	2	0.002976
80	2	0.002976
82	2	0.002976
22	2	0.002976
活動	2	0.002976
デビュー	2	0.002976
1993	2	0.002976
モデル	2	0.002976
カテゴリ	2	0.002976
来歴	2	0.002976
主	2	0.002976
TV	2	0.002976
ドラマ	2	0.002976
番組	2	0.002976
CM	2	0.002976
CD	2	0.002976
シングル	2	0.002976
その他	2	0.002976
書籍	2	0.002976
脚注	2	0.002976
外部	2	0.002976
リンク	2	0.002976
瀬戸内	2	0.002976
ムーンライト	2	0.002976
セレナーデ	2	0.002976
同	2	0.002976
アカデミー	2	0.002976
ビジュアル	2	0.002976
バンド	2	0.002976
下着	2	0.002976
2003	2	0.002976
挑戦	2	0.002976
2004	2	0.002976
高田	2	0.002976
一也	2	0.002976
好き	2	0.002976
本名	2	0.002976
後	2	0.002976
原田	2	0.002976
君	2	0.002976
関西テレビ	2	0.002976
物語	2	0.002976
1996	2	0.002976
2002	2	0.002976
恋する	2	0.002976
15	2	0.002976
話	2	0.002976
BS	2	0.002976
2005	2	0.002976
TOKYO	2	0.002976
ない	2	0.002976
※	2	0.002976
2000	2	0.002976
テレビ朝日	2	0.002976
R	2	0.002976
ろ	2	0.002976
ゃべくり	2	0.002976
007	2	0.002976
2008	2	0.002976
19	2	0.002976
さんま	2	0.002976
77	2	0.002976
〜	2	0.002976
1990	2	0.002976
One	2	0.002976
／	2	0.002976
篠山	2	0.002976
紀	2	0.002976
信	2	0.002976
写真	2	0.002976
集	2	0.002976
Hinano	2	0.002976
Yoshikawa	2	0.002976
アロー	2	0.002976
グラフ	2	0.002976
ベスト	2	0.002976
ー	2	0.002976
由美	2	0.002976
かおる	2	0.002976
89	2	0.002976
90	2	0.002976
C	2	0.002976
キャンペーン	2	0.002976
関連	2	0.002976
かけ	2	0.002976
です	2	0.002976
加筆	2	0.002976
訂正	2	0.002976
下さる	2	0.002976
協力	2	0.002976
求め	2	0.002976
ファッション	2	0.002976
出典	1	0.001488
フリー	1	0.001488
百科	1	0.001488
事典	1	0.001488
ウィキペディア	1	0.001488
Wikipedia	1	0.001488
移動	1	0.001488
ナビゲーション	1	0.001488
検索	1	0.001488
羅列	1	0.001488
事項	1	0.001488
列挙	1	0.001488
だけ	1	0.001488
本文	1	0.001488
組み入れる	1	0.001488
整理	1	0.001488
除去	1	0.001488
必要	1	0.001488
生年月日	1	0.001488
現	1	0.001488
年齢	1	0.001488
歳	1	0.001488
地	1	0.001488
血液	1	0.001488
公称	1	0.001488
時点	1	0.001488
168	1	0.001488
kg	1	0.001488
57	1	0.001488
単位	1	0.001488
換算	1	0.001488
′	1	0.001488
″	1	0.001488
lb	1	0.001488
31	1	0.001488
32	1	0.001488
in	1	0.001488
ジャンル	1	0.001488
他	1	0.001488
テンプレート	1	0.001488
所属	1	0.001488
愛称	1	0.001488
嬢	1	0.001488
あ	1	0.001488
いち	1	0.001488
ゅう	1	0.001488
目次	1	0.001488
非	1	0.001488
銀座	1	0.001488
ウィンドウ	1	0.001488
ショッピング	1	0.001488
中	1	0.001488
スカウト	1	0.001488
その後	1	0.001488
伊勢丹	1	0.001488
広告	1	0.001488
起用	1	0.001488
SHAZNA	1	0.001488
ボーカル	1	0.001488
IZAM	1	0.001488
結婚	1	0.001488
同年	1	0.001488
離婚	1	0.001488
櫻田	1	0.001488
宗久	1	0.001488
ユニット	1	0.001488
結成	1	0.001488
リリース	1	0.001488
時期	1	0.001488
通販	1	0.001488
カタログピーチジョン	1	0.001488
イメージ	1	0.001488
務める	1	0.001488
わたし	1	0.001488
あなた	1	0.001488
舞台	1	0.001488
初	1	0.001488
パリ	1	0.001488
コレクション	1	0.001488
ピーチ	1	0.001488
ジョン	1	0.001488
表紙	1	0.001488
飾る	1	0.001488
家族	1	0.001488
構成	1	0.001488
父	1	0.001488
母	1	0.001488
姉	1	0.001488
妹	1	0.001488
元	1	0.001488
マン	1	0.001488
現在	1	0.001488
ボディビルダー	1	0.001488
動物	1	0.001488
大型	1	0.001488
小型	1	0.001488
まで	1	0.001488
十	1	0.001488
数	1	0.001488
匹	1	0.001488
猫	1	0.001488
爬虫類	1	0.001488
囲ま	1	0.001488
暮らし	1	0.001488
という	1	0.001488
芸名	1	0.001488
に関して	1	0.001488
以前	1	0.001488
話し	1	0.001488
自身	1	0.001488
著書	1	0.001488
公表	1	0.001488
ちなみに	1	0.001488
ハワイ	1	0.001488
花	1	0.001488
名前	1	0.001488
父親	1	0.001488
命名	1	0.001488
インタビュー	1	0.001488
答え	1	0.001488
容姿	1	0.001488
ハーフ	1	0.001488
思わ	1	0.001488
本人	1	0.001488
否定	1	0.001488
ブログ	1	0.001488
自分	1	0.001488
フランス	1	0.001488
アメリカ	1	0.001488
クウォーター	1	0.001488
記載	1	0.001488
荒木	1	0.001488
元太郎	1	0.001488
手	1	0.001488
によって	1	0.001488
立体	1	0.001488
模型	1	0.001488
作ら	1	0.001488
お笑い	1	0.001488
芸人	1	0.001488
ネプチューン	1	0.001488
泰造	1	0.001488
堀内	1	0.001488
健	1	0.001488
]。	1	0.001488
想う	1	0.001488
逢い	1	0.001488
たい	1	0.001488
炎	1	0.001488
料理	1	0.001488
周	1	0.001488
富	1	0.001488
徳	1	0.001488
オンリー・ユー	1	0.001488
?	1	0.001488
愛さ	1	0.001488
?（	1	0.001488
三	1	0.001488
姉妹	1	0.001488
探偵	1	0.001488
鈴木蘭々	1	0.001488
野村	1	0.001488
佑香	1	0.001488
と共に	1	0.001488
主演	1	0.001488
世紀	1	0.001488
末	1	0.001488
詩	1	0.001488
SPEED	1	0.001488
STAR	1	0.001488
14	1	0.001488
ボウル	1	0.001488
日曜日	1	0.001488
ファースト	1	0.001488
シリーズ	1	0.001488
恋愛	1	0.001488
内科	1	0.001488
25	1	0.001488
時	1	0.001488
デ	1	0.001488
ボラ	1	0.001488
ライバル	1	0.001488
EYES	1	0.001488
仏	1	0.001488
合作	1	0.001488
いぬ	1	0.001488
えい	1	0.001488
カミュ	1	0.001488
なんて	1	0.001488
知ら	1	0.001488
ホーン	1	0.001488
テッド	1	0.001488
ハイウェイ	1	0.001488
原題	1	0.001488
DEATH	1	0.001488
RIDE	1	0.001488
米	1	0.001488
ホラー	1	0.001488
含む	1	0.001488
学校	1	0.001488
教え	1	0.001488
くれ	1	0.001488
1994	1	0.001488
力	1	0.001488
限り	1	0.001488
ゴーゴゴー	1	0.001488
笑っ	1	0.001488
いい	1	0.001488
徹子	1	0.001488
部屋	1	0.001488
ハニカミ	1	0.001488
吉沢	1	0.001488
悠	1	0.001488
デート	1	0.001488
サルヂエ	1	0.001488
中京	1	0.001488
ワン	1	0.001488
ナイ	1	0.001488
&	1	0.001488
もん	1	0.001488
じゃ	1	0.001488
学園	1	0.001488
未来	1	0.001488
予報	1	0.001488
2011	1	0.001488
中井	1	0.001488
正広	1	0.001488
ブラックバラエティ	1	0.001488
準	1	0.001488
恋	1	0.001488
騒ぎ	1	0.001488
ザ・イロモネア	1	0.001488
痛快	1	0.001488
明石	1	0.001488
家電	1	0.001488
視	1	0.001488
台	1	0.001488
浜	1	0.001488
ぷっ	1	0.001488
すま	1	0.001488
奇跡	1	0.001488
体験	1	0.001488
アンビリバボー	1	0.001488
ダウン	1	0.001488
タウン	1	0.001488
DX	1	0.001488
オレ	1	0.001488
たち	1	0.001488
クイズ	1	0.001488
MAN	1	0.001488
月光	1	0.001488
音楽	1	0.001488
時短	1	0.001488
生活	1	0.001488
ガイド	1	0.001488
SHOW	1	0.001488
ホンネ	1	0.001488
殿堂	1	0.001488
!!	1	0.001488
紳助	1	0.001488
わかる	1	0.001488
まいっ	1	0.001488
THE	1	0.001488
億	1	0.001488
分の	1	0.001488
17	1	0.001488
スジ	1	0.001488
ナシ	1	0.001488
中部日本放送	1	0.001488
おもい	1	0.001488
ッ	1	0.001488
きり	1	0.001488
DON	1	0.001488
ウチ	1	0.001488
くる	1	0.001488
!?（	1	0.001488
28	1	0.001488
知っ	1	0.001488
とこ	1	0.001488
REAL	1	0.001488
FASHION	1	0.001488
春	1	0.001488
夏	1	0.001488
NHK	1	0.001488
スペシャル	1	0.001488
ギフト	1	0.001488
18	1	0.001488
アナザースカイ	1	0.001488
踊る	1	0.001488
御殿	1	0.001488
23	1	0.001488
まんま	1	0.001488
韓	1	0.001488
流	1	0.001488
スター	1	0.001488
握手	1	0.001488
ぞ	1	0.001488
弾丸	1	0.001488
ツアー	1	0.001488
テレビ東京	1	0.001488
うわさ	1	0.001488
体感	1	0.001488
くち	1	0.001488
こみ	1	0.001488
っ	1	0.001488
ジャック	1	0.001488
ひみ	1	0.001488
つ	1	0.001488
嵐	1	0.001488
29	1	0.001488
おし	1	0.001488
ツアーズ	1	0.001488
絶対	1	0.001488
行き	1	0.001488
たく	1	0.001488
なる	1	0.001488
！	1	0.001488
おもしろ	1	0.001488
名城	1	0.001488
旅	1	0.001488
16	1	0.001488
三菱自動車工業	1	0.001488
パジェロ	1	0.001488
ミニ	1	0.001488
江崎グリコ	1	0.001488
ポッキー	1	0.001488
小絹	1	0.001488
キリンビバレッジ	1	0.001488
サプリ	1	0.001488
キヤノン	1	0.001488
BJ	1	0.001488
プリンタ	1	0.001488
資生堂	1	0.001488
MA	1	0.001488
CHERIE	1	0.001488
同じ	1	0.001488
商品	1	0.001488
再	1	0.001488
花王	1	0.001488
ソフィーナ	1	0.001488
レイシャス	1	0.001488
オーラチェンジファンデーション	1	0.001488
東京テレメッセージ	1	0.001488
後半	1	0.001488
トヨタ自動車	1	0.001488
ターセル	1	0.001488
ハート	1	0.001488
涙	1	0.001488
ウサギ	1	0.001488
SAY	1	0.001488
GOOD	1	0.001488
BYE	1	0.001488
ホット	1	0.001488
ミルク	1	0.001488
ドラえもん	1	0.001488
のび太	1	0.001488
南海	1	0.001488
大	1	0.001488
冒険	1	0.001488
主題歌	1	0.001488
More	1	0.001488
Kiss	1	0.001488
メロウプリティー	1	0.001488
I	1	0.001488
am	1	0.001488
pink	1	0.001488
名義	1	0.001488
We	1	0.001488
Love	1	0.001488
ぴょんぴょん	1	0.001488
イルージョン	1	0.001488
ナチュラル	1	0.001488
生まれ	1	0.001488
あそび	1	0.001488
Accidents	1	0.001488
series	1	0.001488
＋	1	0.001488
arpm	1	0.001488
チュッ	1	0.001488
Blue	1	0.001488
Diamond	1	0.001488
藤代	1	0.001488
冥	1	0.001488
砂	1	0.001488
52	1	0.001488
毎日	1	0.001488
コンクール	1	0.001488
スポニチ	1	0.001488
グランプリ	1	0.001488
35	1	0.001488
ベストジーニスト	1	0.001488
大賞	1	0.001488
高崎	1	0.001488
祭	1	0.001488
アイドル	1	0.001488
ドレッサー	1	0.001488
ビデオ	1	0.001488
DVD	1	0.001488
ネイルクイーン	1	0.001488
.^	1	0.001488
放送	1	0.001488
による	1	0.001488
公式	1	0.001488
ペット	1	0.001488
新	1	0.001488
感覚	1	0.001488
マガジン	1	0.001488
puppine	1	0.001488
巻頭	1	0.001488
特集	1	0.001488
表	1	0.001488
編	1	0.001488
1960	1	0.001488
67	1	0.001488
西野	1	0.001488
バレエ	1	0.001488
金井	1	0.001488
克子	1	0.001488
糸子	1	0.001488
奈美	1	0.001488
悦子	1	0.001488
68	1	0.001488
丸山	1	0.001488
明宏	1	0.001488
69	1	0.001488
浅丘	1	0.001488
ルリ子	1	0.001488
1970	1	0.001488
70	1	0.001488
辺見	1	0.001488
マリ	1	0.001488
71	1	0.001488
池	1	0.001488
玲子	1	0.001488
72	1	0.001488
山本	1	0.001488
リンダ	1	0.001488
73	1	0.001488
74	1	0.001488
西城	1	0.001488
秀樹	1	0.001488
75	1	0.001488
岡田	1	0.001488
奈々	1	0.001488
76	1	0.001488
松本	1	0.001488
ちえこ	1	0.001488
夏目	1	0.001488
雅子	1	0.001488
78	1	0.001488
ピンク	1	0.001488
レディー	1	0.001488
79	1	0.001488
榊原	1	0.001488
郁恵	1	0.001488
1980	1	0.001488
河合	1	0.001488
奈保子	1	0.001488
柏原	1	0.001488
よしえ	1	0.001488
美保	1	0.001488
純	1	0.001488
83	1	0.001488
田原	1	0.001488
俊彦	1	0.001488
84	1	0.001488
小泉	1	0.001488
今日子	1	0.001488
85	1	0.001488
沢口	1	0.001488
靖子	1	0.001488
86	1	0.001488
本田	1	0.001488
美奈子	1	0.001488
87	1	0.001488
南野	1	0.001488
陽子	1	0.001488
88	1	0.001488
浅香	1	0.001488
唯	1	0.001488
井森	1	0.001488
美幸	1	0.001488
西田	1	0.001488
ひかる	1	0.001488
91	1	0.001488
観月	1	0.001488
92	1	0.001488
ガールズ	1	0.001488
93	1	0.001488
鈴木	1	0.001488
杏樹	1	0.001488
94	1	0.001488
瀬戸	1	0.001488
朝香	1	0.001488
95	1	0.001488
雛形	1	0.001488
あきこ	1	0.001488
96	1	0.001488
広末	1	0.001488
涼子	1	0.001488
97	1	0.001488
98	1	0.001488
優香	1	0.001488
99	1	0.001488
本上	1	0.001488
まなみ	1	0.001488
00	1	0.001488
釈由美子	1	0.001488
01	1	0.001488
井川	1	0.001488
遥	1	0.001488
02	1	0.001488
吉岡	1	0.001488
美穂	1	0.001488
03	1	0.001488
井上	1	0.001488
和香	1	0.001488
04	1	0.001488
岩佐	1	0.001488
真悠子	1	0.001488
05	1	0.001488
安田	1	0.001488
美沙子	1	0.001488
06	1	0.001488
ほし	1	0.001488
あき	1	0.001488
07	1	0.001488
南	1	0.001488
明奈	1	0.001488
開催	1	0.001488
終了	1	0.001488
雑誌	1	0.001488
協会	1	0.001488
選出	1	0.001488
継続	1	0.001488
以後	1	0.001488
西暦	1	0.001488
担当	1	0.001488
年度	1	0.001488
09	1	0.001488
佐々木	1	0.001488
希	1	0.001488
桜	1	0.001488
庭	1	0.001488
なみ	1	0.001488
P	1	0.001488
PJ	1	0.001488
芸能人	1	0.001488
に関する	1	0.001488
ポータル	1	0.001488
http	1	0.001488
://	1	0.001488
ja	1	0.001488
wikipedia	1	0.001488
org	1	0.001488
wiki	1	0.001488
/%	1	0.001488
D	1	0.001488
AA	1	0.001488
AE	1	0.001488
作成	1	0.001488
女性	1	0.001488
年生	1	0.001488
存命	1	0.001488
