|	50	0.199203
・	16	0.063745
-	14	0.055777
3	12	0.047809
の	11	0.043825
。	10	0.039841
（	9	0.035857
,	9	0.035857
スペイン	9	0.035857
選手	9	0.035857
[	9	0.035857
た	9	0.035857
し	9	0.035857
を	9	0.035857
）	8	0.031873
、	8	0.031873
]	8	0.031873
サッカー	7	0.027888
て	7	0.027888
年	6	0.023904
1986	6	0.023904
は	6	0.023904
に	6	0.023904
:	5	0.019920
代表	5	0.019920
9	5	0.019920
チェンド	4	0.015936
10	4	0.015936
月	4	0.015936
12	4	0.015936
1990	4	0.015936
■	4	0.015936
表示	4	0.015936
E	8	0.031873
%	23	0.091633
83	7	0.027888
1	4	0.015936
2	4	0.015936
4	4	0.015936
編集	4	0.015936
レ	4	0.015936
アル	4	0.015936
マドリード	4	0.015936
出場	4	0.015936
FIFA	4	0.015936
ワールドカップ	4	0.015936
.	4	0.015936
/	4	0.015936
出典	3	0.011952
ミゲル	3	0.011952
"	3	0.011952
1961	3	0.011952
日	3	0.011952
歴	3	0.011952
所属	3	0.011952
で	3	0.011952
11	3	0.011952
5	3	0.011952
い	3	0.011952
など	3	0.011952
この	3	0.011952
「	3	0.011952
」	3	0.011952
項目	3	0.011952
Miguel	2	0.007968
Porlan	2	0.007968
Noguera	2	0.007968
Chendo	2	0.007968
情報	2	0.007968
ポジション	2	0.007968
DF	2	0.007968
経歴	2	0.007968
プレー	2	0.007968
スタイル	2	0.007968
クラブ	2	0.007968
タイトル	2	0.007968
1982	2	0.007968
1998	2	0.007968
また	2	0.007968
として	2	0.007968
W	2	0.007968
杯	2	0.007968
と	2	0.007968
82	2	0.007968
リーグ	2	0.007968
1985	2	0.007968
1989	2	0.007968
UEFA	2	0.007968
表	2	0.007968
話	2	0.007968
編	2	0.007968
スビサレッタ	2	0.007968
6	2	0.007968
7	2	0.007968
8	2	0.007968
ブトラゲーニョ	2	0.007968
13	2	0.007968
14	2	0.007968
15	2	0.007968
16	2	0.007968
17	2	0.007968
18	2	0.007968
19	2	0.007968
サリナス	2	0.007968
20	2	0.007968
21	2	0.007968
ミチェル	2	0.007968
22	2	0.007968
アブラネード	2	0.007968
監督	2	0.007968
M	2	0.007968
ポルラン	2	0.007968
関連	2	0.007968
書き	2	0.007968
かけ	2	0.007968
です	2	0.007968
加筆	2	0.007968
訂正	2	0.007968
協力	2	0.007968
者	2	0.007968
求め	2	0.007968
ます	2	0.007968
PJ	2	0.007968
記事	2	0.007968
B	2	0.007968
AB	2	0.007968
ミゲル・ポルラン	1	0.003984
フリー	1	0.003984
百科	1	0.003984
事典	1	0.003984
『	1	0.003984
ウィキペディア	1	0.003984
Wikipedia	1	0.003984
』	1	0.003984
移動	1	0.003984
ナビゲーション	1	0.003984
検索	1	0.003984
名前	1	0.003984
本名	1	0.003984
ポルラン・ノゲーラ	1	0.003984
ラテン	1	0.003984
文字	1	0.003984
基本	1	0.003984
国籍	1	0.003984
生年月日	1	0.003984
48	1	0.003984
歳	1	0.003984
出身	1	0.003984
地	1	0.003984
ムルシア	1	0.003984
身長	1	0.003984
175	1	0.003984
cm	1	0.003984
体重	1	0.003984
73	1	0.003984
kg	1	0.003984
RSB	1	0.003984
26	1	0.003984
0	1	0.003984
テンプレート	1	0.003984
ノート	1	0.003984
解説	1	0.003984
pj	1	0.003984
こと	1	0.003984
ミゲル・ポルラン・ノゲーラ	1	0.003984
"、	1	0.003984
-）	1	0.003984
元	1	0.003984
現役	1	0.003984
時代	1	0.003984
右	1	0.003984
サイドバック	1	0.003984
目次	1	0.003984
非	1	0.003984
下部	1	0.003984
組織	1	0.003984
育っ	1	0.003984
彼	1	0.003984
CD	1	0.003984
カステリョン	1	0.003984
戦	1	0.003984
デビュー	1	0.003984
1997	1	0.003984
シーズン	1	0.003984
まで	1	0.003984
一筋	1	0.003984
だっ	1	0.003984
キンタ・デル・ブイトレ	1	0.003984
一員	1	0.003984
リーガ・エスパニョーラ	1	0.003984
連覇	1	0.003984
貢献	1	0.003984
メキシコ	1	0.003984
イタリア	1	0.003984
快足	1	0.003984
生かし	1	0.003984
度々	1	0.003984
サイド	1	0.003984
から	1	0.003984
攻撃	1	0.003984
参加	1	0.003984
チャンス	1	0.003984
作り	1	0.003984
守備	1	0.003984
も	1	0.003984
カバー	1	0.003984
リング	1	0.003984
長け	1	0.003984
FC	1	0.003984
バルセロナ	1	0.003984
ディエゴ	1	0.003984
マラドーナ	1	0.003984
マーク	1	0.003984
重要	1	0.003984
な	1	0.003984
仕事	1	0.003984
任さ	1	0.003984
れ	1	0.003984
要	1	0.003984
]。	1	0.003984
レアル・マドリード・カスティージャ	1	0.003984
1980	1	0.003984
レアル・マドリード	1	0.003984
98	1	0.003984
86	1	0.003984
87	1	0.003984
1987	1	0.003984
88	1	0.003984
1988	1	0.003984
89	1	0.003984
90	1	0.003984
1994	1	0.003984
95	1	0.003984
1996	1	0.003984
97	1	0.003984
コパ・デル・レイ	1	0.003984
1993	1	0.003984
チャンピオンズ	1	0.003984
カップ	1	0.003984
大会	1	0.003984
トマス	1	0.003984
カマーチョ	1	0.003984
マセーダ	1	0.003984
ビクトル	1	0.003984
ゴルディージョ	1	0.003984
セニョール	1	0.003984
ゴイコエチェア	1	0.003984
カラスコ	1	0.003984
フリオ	1	0.003984
アルベルト	1	0.003984
セティエン	1	0.003984
ウルティ	1	0.003984
ガジェゴ	1	0.003984
リンコン	1	0.003984
フラン	1	0.003984
シスコ	1	0.003984
カルデレ	1	0.003984
エロイ	1	0.003984
ムニョス	1	0.003984
ヒメネス	1	0.003984
アンドリヌア	1	0.003984
サンチス	1	0.003984
バスケス	1	0.003984
パルデサ	1	0.003984
キケ	1	0.003984
フェルナンド	1	0.003984
ビリャローヤ	1	0.003984
アルコルタ	1	0.003984
ゴリス	1	0.003984
ロベルト	1	0.003984
バケーロ	1	0.003984
イエロ	1	0.003984
パス	1	0.003984
マノロ	1	0.003984
オチョトレーナ	1	0.003984
スアレス	1	0.003984
下さる	1	0.003984
P	1	0.003984
女子	1	0.003984
くださる	1	0.003984
Portal	1	0.003984
ヨーロッパ	1	0.003984
http	1	0.003984
://	1	0.003984
ja	1	0.003984
wikipedia	1	0.003984
org	1	0.003984
wiki	1	0.003984
/%	1	0.003984
F	1	0.003984
BB	1	0.003984
D	1	0.003984
A	1	0.003984
より	1	0.003984
作成	1	0.003984
カテゴリ	1	0.003984
必要	1	0.003984
する	1	0.003984
2010	1	0.003984
年生	1	0.003984
存命	1	0.003984
人物	1	0.003984
