-	47	0.185039
駅	32	0.125984
の	23	0.090551
。	19	0.074803
（	14	0.055118
）	14	0.055118
年	11	0.043307
松川	11	0.043307
[	11	0.043307
]	11	0.043307
編集	9	0.035433
・	9	0.035433
鉄道	9	0.035433
日	8	0.031496
1	8	0.031496
信濃松川	7	0.027559
:	7	0.027559
2	7	0.027559
安曇	7	0.027559
は	7	0.027559
.	6	0.023622
6	6	0.023622
を	6	0.023622
、	6	0.023622
月	5	0.019685
村	5	0.019685
東日本旅客鉄道	5	0.019685
大糸線	5	0.019685
松本	5	0.019685
と	5	0.019685
ある	4	0.015748
4	4	0.015748
バス	4	0.015748
7	4	0.015748
が	4	0.015748
9	4	0.015748
駅舎	3	0.011811
E	5	0.019685
%	14	0.055118
2008	3	0.011811
しな	3	0.011811
km	3	0.011811
沓掛	3	0.011811
長野	3	0.011811
県	3	0.011811
10	3	0.011811
JR	3	0.011811
東日本	3	0.011811
|	5	0.019685
路線	3	0.011811
■	3	0.011811
構造	3	0.011811
ホーム	3	0.011811
面	3	0.011811
線	3	0.011811
業務	3	0.011811
に	3	0.011811
池田	3	0.011811
表示	3	0.011811
て	3	0.011811
で	3	0.011811
なる	3	0.011811
南小谷	3	0.011811
野	3	0.011811
北	3	0.011811
より	3	0.011811
信濃	3	0.011811
昭和	3	0.011811
日本	3	0.011811
*	2	0.007874
8	2	0.007874
17	2	0.007874
まつ	2	0.007874
か	2	0.007874
わ	2	0.007874
?	2	0.007874
北細野	2	0.007874
北安曇	2	0.007874
郡	2	0.007874
赤芝	2	0.007874
所属	2	0.007874
地上	2	0.007874
乗車	2	0.007874
人員	2	0.007874
年度	2	0.007874
612	2	0.007874
人	2	0.007874
/	2	0.007874
委託	2	0.007874
みどり	2	0.007874
窓口	2	0.007874
1937	2	0.007874
改称	2	0.007874
この	2	0.007874
表	2	0.007874
し	2	0.007874
利用	2	0.007874
状況	2	0.007874
周辺	2	0.007874
5	2	0.007874
歴史	2	0.007874
隣	2	0.007874
関連	2	0.007874
項目	2	0.007874
外部	2	0.007874
リンク	2	0.007874
島	2	0.007874
時間	2	0.007874
〜	2	0.007874
※	2	0.007874
あり	2	0.007874
穂高	2	0.007874
豊科	2	0.007874
方面	2	0.007874
信濃大町	2	0.007874
白馬	2	0.007874
セピア	2	0.007874
「	2	0.007874
」	2	0.007874
前	2	0.007874
有明	2	0.007874
同時に	2	0.007874
貨物	2	0.007874
取扱	2	0.007874
国有	2	0.007874
化	2	0.007874
により	2	0.007874
国鉄	2	0.007874
細野	2	0.007874
BF	2	0.007874
A	2	0.007874
D	2	0.007874
出典	1	0.003937
フリー	1	0.003937
百科	1	0.003937
事典	1	0.003937
『	1	0.003937
ウィキペディア	1	0.003937
Wikipedia	1	0.003937
』	1	0.003937
移動	1	0.003937
ナビゲーション	1	0.003937
,	1	0.003937
検索	1	0.003937
Shinano	1	0.003937
Matsukawa	1	0.003937
(	1	0.003937
)(	1	0.003937
)	1	0.003937
7025	1	0.003937
事業	1	0.003937
者	1	0.003937
キロ	1	0.003937
程	1	0.003937
26	1	0.003937
0	1	0.003937
起点	1	0.003937
電報	1	0.003937
略号	1	0.003937
マツ	1	0.003937
統計	1	0.003937
降車	1	0.003937
客	1	0.003937
含ま	1	0.003937
ず	1	0.003937
備考	1	0.003937
有	1	0.003937
標高	1	0.003937
：	1	0.003937
613	1	0.003937
m	1	0.003937
から	1	0.003937
について	1	0.003937
テンプレート	1	0.003937
用い	1	0.003937
い	1	0.003937
ます	1	0.003937
仕方	1	0.003937
Template	1	0.003937
情報	1	0.003937
ごらん	1	0.003937
ください	1	0.003937
え	1	0.003937
き	1	0.003937
目次	1	0.003937
非	1	0.003937
3	1	0.003937
式	1	0.003937
持つ	1	0.003937
エンタープライズ	1	0.003937
行う	1	0.003937
夜間	1	0.003937
無人	1	0.003937
営業	1	0.003937
20	1	0.003937
途中	1	0.003937
休止	1	0.003937
帯	1	0.003937
設置	1	0.003937
自動	1	0.003937
券売	1	0.003937
機	1	0.003937
ない	1	0.003937
構内	1	0.003937
踏切	1	0.003937
連絡	1	0.003937
待合室	1	0.003937
のり	1	0.003937
ば	1	0.003937
平均	1	0.003937
タクシー	1	0.003937
待ち合い	1	0.003937
観光	1	0.003937
案内	1	0.003937
所	1	0.003937
役場	1	0.003937
郵便	1	0.003937
局	1	0.003937
村立	1	0.003937
小学校	1	0.003937
高瀬川	1	0.003937
国道	1	0.003937
147	1	0.003937
号	1	0.003937
ちひろ	1	0.003937
美術館	1	0.003937
町営	1	0.003937
出入口	1	0.003937
総合	1	0.003937
病院	1	0.003937
南	1	0.003937
保育園	1	0.003937
入口	1	0.003937
五	1	0.003937
丁目	1	0.003937
正	1	0.003937
科	1	0.003937
北方	1	0.003937
その他	1	0.003937
福祉	1	0.003937
乗り入れ	1	0.003937
いる	1	0.003937
1915	1	0.003937
大正	1	0.003937
29	1	0.003937
当	1	0.003937
間	1	0.003937
開通	1	0.003937
として	1	0.003937
開業	1	0.003937
旅客	1	0.003937
開始	1	0.003937
12	1	0.003937
1982	1	0.003937
57	1	0.003937
31	1	0.003937
廃止	1	0.003937
1987	1	0.003937
62	1	0.003937
分割	1	0.003937
民営	1	0.003937
一覧	1	0.003937
隠す	1	0.003937
島内	1	0.003937
高松	1	0.003937
梓橋	1	0.003937
一	1	0.003937
市場	1	0.003937
中	1	0.003937
萱	1	0.003937
南豊科	1	0.003937
柏矢町	1	0.003937
安曇追分	1	0.003937
信濃常盤	1	0.003937
南大町	1	0.003937
北大町	1	0.003937
信濃木崎	1	0.003937
稲尾	1	0.003937
海ノ口	1	0.003937
簗場	1	0.003937
臨	1	0.003937
ヤナバスキー	1	0.003937
場	1	0.003937
南神城	1	0.003937
神城	1	0.003937
飯森	1	0.003937
信濃森上	1	0.003937
白馬大池	1	0.003937
千	1	0.003937
国	1	0.003937
http	1	0.003937
://	1	0.003937
ja	1	0.003937
wikipedia	1	0.003937
org	1	0.003937
wiki	1	0.003937
/%	1	0.003937
83	1	0.003937
BE	1	0.003937
B	1	0.003937
85	1	0.003937
作成	1	0.003937
カテゴリ	1	0.003937
